{
  "moons": {
    "dataset": "moons",
    "n_samples": 200,
    "noise": 0.15,
    "n_train": 140,
    "n_test": 60,
    "kernels": {
      "quantum": {
        "accuracy": 0.8166666666666667,
        "train_gram_trace": 1.0,
        "n_support": 66
      },
      "rbf": {
        "accuracy": 0.9833333333333333,
        "best_gamma": 0.5,
        "train_gram_trace": 1.0,
        "n_support": 45
      },
      "polynomial": {
        "accuracy": 0.9833333333333333,
        "best_params": {
          "gamma": 0.5,
          "degree": 3,
          "coef0": 1.0
        },
        "train_gram_trace": 9.431788477902428,
        "n_support": 35
      }
    },
    "alignment": {
      "quantum_vs_quantum": 1.0,
      "quantum_vs_rbf": 0.6945037097526519,
      "quantum_vs_poly": 0.5148360747641784,
      "rbf_vs_poly": 0.8840932892446758
    },
    "eigenspectra": {
      "quantum": [
        37.16694879194515,
        23.72315740960556,
        19.665247659381247,
        16.110148732197015,
        13.375326072431022,
        11.102278675236604,
        7.645037150981149,
        6.84072608858901,
        4.371129419633231,
        6.971514708597913e-15,
        6.971514708597913e-15,
        6.971514708597913e-15,
        6.971514708597913e-15,
        6.971514708597913e-15,
        6.971514708597913e-15,
        6.971514708597913e-15,
        2.150046654558401e-15,
        2.150046654558401e-15,
        2.150046654558401e-15,
        2.150046654558401e-15
      ],
      "rbf": [
        50.08115667445039,
        31.267697375318296,
        17.544975005465602,
        13.415970528489446,
        10.260651882229148,
        4.093106020994093,
        3.54705155504164,
        3.218152171565082,
        2.0564884927906526,
        1.2013927918722687,
        0.9407927645008747,
        0.6963572406844643,
        0.5431382811439682,
        0.22721713907924118,
        0.2199616391535011,
        0.1760161728302339,
        0.12957610671325615,
        0.10330008030238384,
        0.08246732914573723,
        0.04760635995392602
      ],
      "polynomial": [
        468.6075568441475,
        403.5298675701011,
        172.55338211518642,
        130.98570079169758,
        69.04179932996703,
        26.3345367937557,
        20.7772877131754,
        18.523611111796626,
        6.389363167731725,
        3.7072814687807476,
        2.0218547577657637e-13,
        1.0778168421614401e-13,
        1.0778168421614401e-13,
        1.0778168421614401e-13,
        1.0778168421614401e-13,
        4.4845823175855777e-14,
        4.4845823175855777e-14,
        4.4845823175855777e-14,
        4.4845823175855777e-14,
        4.4845823175855777e-14
      ]
    },
    "kernel_matrices": {
      "quantum": [
        [
          1.0,
          0.0020879758523128637,
          0.006156340780320147,
          0.19116165856868794,
          0.11594336344734182,
          0.30093021785436697,
          0.4788162234620443,
          0.4336027043742784,
          0.08316417323017292,
          1.93824692614636e-05,
          0.172169153034543,
          0.056958958187648116,
          0.04404841813737878,
          0.5980265028374946,
          0.009014529172273605,
          0.061628424266259474,
          0.4747540302122408,
          0.2373554485587809,
          0.0020070610746881165,
          0.0009164821090954677,
          0.13221358525591717,
          0.22918869261841812,
          0.12464255363329563,
          1.003863310680026e-05,
          0.2521114371820594,
          0.14382796378883075,
          0.3081619065661298,
          0.21392423406910419,
          0.31593524167524106,
          0.0015662453802224522,
          0.022389528653055657,
          0.30411871669192625,
          0.10810265617069255,
          0.39677358622114606,
          0.21244997553318437,
          0.5699019033752017,
          0.7600511923282827,
          0.7227098989990147,
          0.957080010387658,
          0.5801382349452561,
          0.13016076312327995,
          0.6938417403399249,
          0.00023897808849019446,
          0.328256158898202,
          0.08977241755598407,
          0.22044071322452363,
          0.704638954206405,
          0.3372918603039295,
          0.42067635579504414,
          0.005158987370187238
        ],
        [
          0.0020879758523128637,
          1.0,
          0.7079257656509318,
          0.012340073444852263,
          0.21155576004219845,
          0.231959957274031,
          0.21327405794893653,
          0.10664238482954147,
          0.4874650056556767,
          0.8634827586147403,
          0.11640469442538316,
          0.17433426559388948,
          0.12088939911867551,
          0.0559793629640005,
          0.012164838658409005,
          0.16490558124347743,
          0.10442789388131477,
          0.06976776865204315,
          0.7051214563833444,
          0.48285194557626687,
          0.6033282523864101,
          0.0045136877714253305,
          0.5123834916338738,
          0.6439105956365835,
          0.3124161999908979,
          0.2081291079518505,
          0.02011600253322004,
          0.10324465415747208,
          0.06359286407955182,
          0.16218188628352748,
          0.14912618398178673,
          0.02320246450939083,
          0.056920316050632996,
          0.1835921888323367,
          0.07976382605026504,
          0.06104439579096804,
          0.025303578894361644,
          0.035742701207077406,
          0.00027794398127115456,
          0.0021759332148317567,
          0.23413799711883165,
          0.030691434146460136,
          0.42529280958513377,
          0.007850050345432867,
          0.0007735651632084718,
          0.2806308930301297,
          4.4777767768204104e-05,
          0.15533240698449716,
          0.16195821877623143,
          0.9426288222891528
        ],
        [
          0.006156340780320147,
          0.7079257656509318,
          1.0,
          0.11594281027508899,
          0.13310769420722746,
          0.6334270432650517,
          0.49782795410801256,
          0.17943487577843073,
          0.907083073043618,
          0.34454308543977163,
          0.0010010737285773305,
          0.6961200686447524,
          0.026881958564825583,
          0.12459434641934825,
          0.3831641854930888,
          0.018886624943556415,
          0.1909118476586112,
          0.04961246258568688,
          0.1714075361844301,
          0.04687696515214075,
          0.8684684867612753,
          0.29977721219575154,
          0.8790166934339606,
          0.2687593038284379,
          0.5068664374882875,
          0.21200250833050346,
          0.10827471326811411,
          0.027101797741041222,
          0.03778876196579646,
          0.09248235899537231,
          0.6749817128027226,
          0.05205850767783179,
          0.5007945793640257,
          0.34619301723567625,
          0.0011842180222891268,
          0.12854179299676605,
          0.08558911674137644,
          0.11914789217152899,
          0.00607527466425811,
          0.16823285013240927,
          0.021062207216000557,
          0.22021178079593884,
          0.1942621905050651,
          0.1415487894410291,
          0.2523281412073697,
          0.35212466612809973,
          0.0012192519360904022,
          0.5501742792520947,
          0.29956338135986266,
          0.8953236464008311
        ],
        [
          0.19116165856868794,
          0.012340073444852263,
          0.11594281027508899,
          1.0,
          0.00027250660653004504,
          0.11374436439101868,
          0.031153933727176772,
          0.12026603903680787,
          0.15927779344326604,
          0.1659594893232715,
          0.8356653315784199,
          0.375669233028041,
          0.8898162197760333,
          0.2088163943504673,
          0.7855801105382783,
          0.39487565475633646,
          0.16416691267658348,
          0.15761012578753691,
          0.2540385006185093,
          0.5175552575646617,
          0.06337616065117568,
          0.2555448844569009,
          0.1118113033993478,
          0.02302473228116413,
          0.19756981961268,
          0.00048251762193558893,
          0.13809336062388172,
          0.15197089190690316,
          0.07606233655596159,
          0.12764493698349905,
          0.45996355232625524,
          0.9539300632211749,
          0.37679517465317847,
          0.24754229260778282,
          0.644691125945009,
          0.1871232081707975,
          0.33700854060892393,
          0.38164096659924,
          0.35782275090854004,
          0.022363671597807385,
          0.004823257210699255,
          0.004549983986569171,
          0.21489147944563464,
          0.13746610058107026,
          0.44468338298556026,
          0.04894929408664184,
          0.09859193365089661,
          0.12005790073551753,
          0.21951869052663012,
          0.006501510641167973
        ],
        [
          0.11594336344734182,
          0.21155576004219845,
          0.13310769420722746,
          0.00027250660653004504,
          1.0,
          0.2139872841307607,
          0.32417481877461274,
          0.31666751599780363,
          0.20847896591947226,
          0.13776058612435133,
          0.02405202258541099,
          0.06317357516192279,
          0.00031252034968626735,
          0.294412924538936,
          0.0014004510094392881,
          0.0545440373974716,
          0.28042710815250727,
          0.045344085286419686,
          0.16082469565468277,
          0.03150624302165813,
          0.37049470161435527,
          0.007929912308953912,
          0.2790916796745411,
          0.6522462324575815,
          0.0810866802656321,
          0.3250078939915476,
          0.010146074574657306,
          0.07211629969263363,
          0.05755691054027117,
          0.3388976651413665,
          0.03983592125160591,
          0.004561340028944771,
          0.03194230119881873,
          0.14719044882360496,
          0.09787126464351896,
          0.3089847922928036,
          0.2036914567513754,
          0.17060879495549527,
          0.07670088290912112,
          0.01100416195149762,
          0.433134995161562,
          0.08886425973985326,
          0.08739291351102219,
          0.0023066538129169005,
          0.0001255502431829726,
          0.1959372949748931,
          0.5098412830124748,
          0.1585447578693414,
          0.18263093298702285,
          0.1962081027710388
        ],
        [
          0.30093021785436697,
          0.231959957274031,
          0.6334270432650517,
          0.11374436439101868,
          0.2139872841307607,
          1.0,
          0.9523010799488165,
          0.0031389146148811,
          0.8822841478515595,
          0.027633852980061255,
          0.01772830064210672,
          0.8615166580732331,
          0.13357335224123645,
          0.01660192465661401,
          0.47479989056837874,
          0.27890002281613474,
          0.0018962432871604746,
          0.4128525838151068,
          3.861332199443935e-05,
          0.027651914703542013,
          0.8376488665558638,
          0.7696983332301989,
          0.8971971141815839,
          0.05999997336717575,
          0.07107693723957834,
          0.0002743143851728031,
          0.5500967327327649,
          0.34545658682893665,
          0.3898289287682028,
          4.8573331404063335e-05,
          0.7875057134169329,
          0.03302491604082142,
          0.8389261924664396,
          0.016380379481882208,
          0.00019799473263515713,
          0.015272086148427885,
          0.03174191964601585,
          0.01335337513722963,
          0.13708588593878582,
          0.6989173743747848,
          0.036914670944884785,
          0.7833069523417044,
          0.004399827081204776,
          0.6110975463064168,
          0.635294840030266,
          0.0145304449554509,
          0.18142281746119687,
          0.9882929304198437,
          0.006064729654106303,
          0.41698007855558844
        ],
        [
          0.4788162234620443,
          0.21327405794893653,
          0.49782795410801256,
          0.031153933727176772,
          0.32417481877461274,
          0.9523010799488165,
          1.0,
          0.06246880511020003,
          0.763933774909713,
          0.03539841560637343,
          0.001086330254033062,
          0.6823407372931183,
          0.0577402777408457,
          0.10952223193506769,
          0.2858997148454996,
          0.1935628254264581,
          0.058778151112913464,
          0.3435182493075149,
          0.002006197618238439,
          0.009216024775927605,
          0.792962445294398,
          0.6600441849576678,
          0.8155919985646846,
          0.092822381219626,
          0.0059709804165025025,
          0.017462598745339074,
          0.4827210597085271,
          0.28058421185604676,
          0.3414793535197451,
          0.006533796862489922,
          0.5896808751285859,
          0.0011633951020372224,
          0.679606430064571,
          0.005479859807858181,
          0.002660049590671719,
          0.10519794080875759,
          0.14504087526825774,
          0.1032296265807658,
          0.28808300326341474,
          0.7078637733494214,
          0.020460483708652086,
          0.8479676738357568,
          0.0007540633931518914,
          0.5440249601240046,
          0.48960780803080217,
          0.002697510612786199,
          0.3668026297937854,
          0.9390870388159896,
          0.015278113591042294,
          0.3548395992974296
        ],
        [
          0.4336027043742784,
          0.10664238482954147,
          0.17943487577843073,
          0.12026603903680787,
          0.31666751599780363,
          0.0031389146148811,
          0.06246880511020003,
          1.0,
          0.041033975088017746,
          0.06931060587279166,
          0.0006460166110583399,
          0.05908252577068416,
          0.013619863823768058,
          0.9654983046300822,
          0.13456287242583445,
          0.0005673806280253728,
          0.9948445097578952,
          0.0006849051983811279,
          0.022701603239493065,
          0.018206648498440465,
          0.004663609435746318,
          0.00016114638531914335,
          0.013994231308645974,
          0.012111340157314797,
          0.8760754314746115,
          0.8508322528953528,
          0.002805263819440765,
          0.00036791425897274955,
          0.0029940504002631116,
          0.4577960629668455,
          0.09446611360991745,
          0.0882277492857839,
          0.02070843848857791,
          0.9425953205860524,
          0.0070392363143745185,
          0.9770906851746015,
          0.8390257408298311,
          0.8342422671601524,
          0.48969915601553954,
          0.04339183755247904,
          0.010385911196728225,
          0.10011667659816045,
          0.3356168051077932,
          0.0037576699134745702,
          0.011267350882566224,
          0.9260471095011592,
          0.8309882794543202,
          0.005574711723185023,
          0.9659050411866302,
          0.1398949989064614
        ],
        [
          0.08316417323017292,
          0.4874650056556767,
          0.907083073043618,
          0.15927779344326604,
          0.20847896591947226,
          0.8822841478515595,
          0.763933774909713,
          0.041033975088017746,
          1.0,
          0.1536688534576519,
          0.01835820074737415,
          0.8714307717706933,
          0.09669207051927327,
          0.01869646443051623,
          0.5046038086395664,
          0.11994035754133577,
          0.04849411777896497,
          0.1888895591126819,
          0.04525633204296882,
          8.330404841332161e-05,
          0.9518083242267623,
          0.5478136290688248,
          0.9897901851220691,
          0.17853549189917028,
          0.2782410432788095,
          0.056913076840120674,
          0.2940056018918941,
          0.1403272946428255,
          0.1623332656488998,
          0.014565216045484464,
          0.8262827391356707,
          0.07065193037482641,
          0.7318233427221218,
          0.15529362347239883,
          0.0019405494489873746,
          0.01970342238386127,
          0.008286190481203801,
          0.02329317193295,
          0.011707006907316268,
          0.39284893647361807,
          0.00016103288664449288,
          0.4696392748735888,
          0.055442743406067245,
          0.3467068524156526,
          0.46737141780007524,
          0.1413103454112687,
          0.036396218620006957,
          0.8186480638886251,
          0.11893959003739474,
          0.7088244304292833
        ],
        [
          1.93824692614636e-05,
          0.8634827586147403,
          0.34454308543977163,
          0.1659594893232715,
          0.13776058612435133,
          0.027633852980061255,
          0.03539841560637343,
          0.06931060587279166,
          0.1536688534576519,
          1.0,
          0.32043090732394647,
          0.0033921829445700507,
          0.418670871714852,
          0.028654554665259565,
          0.06395356301568714,
          0.4815261126456084,
          0.06029472035783353,
          0.2833559827752201,
          0.95199399362371,
          0.824301032784508,
          0.26347637914957567,
          0.07285738438819347,
          0.17900514792213815,
          0.6557298857942762,
          0.16145662608111205,
          0.1951386312890889,
          0.18114038330027135,
          0.3319459607140177,
          0.24147395840921673,
          0.22055951033149326,
          0.0005065795642782798,
          0.16081504354775394,
          0.0153988048871769,
          0.08544680399386795,
          0.199173279621895,
          0.03352879960708726,
          0.006560376574759683,
          0.007787473529717562,
          0.00012057971515669138,
          0.04297190336758799,
          0.33817491052568754,
          0.0044487363675638,
          0.5403823761254385,
          0.14460210840640758,
          0.14459561899455842,
          0.20449117686972823,
          0.0006182160572682997,
          0.005539107597746126,
          0.08058682839819518,
          0.664910440586266
        ],
        [
          0.172169153034543,
          0.11640469442538316,
          0.0010010737285773305,
          0.8356653315784199,
          0.02405202258541099,
          0.01772830064210672,
          0.001086330254033062,
          0.0006460166110583399,
          0.01835820074737415,
          0.32043090732394647,
          1.0,
          0.12151550462405741,
          0.836300974746688,
          0.03256611342214211,
          0.4508757140065901,
          0.2684954993037358,
          0.008391722158764287,
          0.05716998798025277,
          0.33846428462293104,
          0.6265839934406198,
          0.0012142950767436978,
          0.09256818718349817,
          0.008915355367362402,
          0.018574816691937224,
          0.006891639499603173,
          0.11553706514558403,
          0.03955955195722492,
          0.057841115294611806,
          0.013098558408154064,
          0.4644850811530719,
          0.16728904120305677,
          0.9164594467801825,
          0.14414018190449765,
          0.02733904888517587,
          0.9254375957421994,
          0.021908921014970304,
          0.13420743725851056,
          0.15485721593307464,
          0.28521626585001214,
          0.0001243184707699927,
          0.005776961704704448,
          0.0042848742446767694,
          0.5863124366598014,
          0.03731660669260909,
          0.22428988213570167,
          0.02187742666222802,
          0.014028711110572306,
          0.021211519803219323,
          0.019605549760341776,
          0.03699743004715008
        ],
        [
          0.056958958187648116,
          0.17433426559388948,
          0.6961200686447524,
          0.375669233028041,
          0.06317357516192279,
          0.8615166580732331,
          0.6823407372931183,
          0.05908252577068416,
          0.8714307717706933,
          0.0033921829445700507,
          0.12151550462405741,
          1.0,
          0.34541420054776545,
          0.041333285708553574,
          0.8014988927512557,
          0.42088635225371035,
          0.07105058006300402,
          0.4621862664420489,
          0.019419869115539702,
          0.1047844600664069,
          0.708242767806526,
          0.8111857956755257,
          0.8189071811101865,
          0.010623008223019188,
          0.2738366242084112,
          0.04426027596272999,
          0.5603256732317168,
          0.40278429102867963,
          0.39624851375200465,
          0.0026639760974286717,
          0.9902633955323614,
          0.20988823853864663,
          0.9568452317246751,
          0.18267589760692796,
          0.034601344339771536,
          0.04140391336171352,
          0.030559229994355855,
          0.05599101587976336,
          0.0013865774940239521,
          0.5393714728437098,
          0.06209062608321727,
          0.5261344097216537,
          0.0028108762894545666,
          0.6062875292164132,
          0.7965502658669474,
          0.12365240546939864,
          0.009137172093747153,
          0.8589005969440011,
          0.14489193463840302,
          0.38560011635359887
        ],
        [
          0.04404841813737878,
          0.12088939911867551,
          0.026881958564825583,
          0.8898162197760333,
          0.00031252034968626735,
          0.13357335224123645,
          0.0577402777408457,
          0.013619863823768058,
          0.09669207051927327,
          0.418670871714852,
          0.836300974746688,
          0.34541420054776545,
          1.0,
          0.04935237626842701,
          0.7397011698811761,
          0.6546151735618002,
          0.028701932541816584,
          0.3571847018697803,
          0.5409228518520304,
          0.811104774830457,
          0.02499921789829621,
          0.38965997707507777,
          0.06546792930380045,
          0.12713963193681335,
          0.03923576807461986,
          0.03142813747227123,
          0.3116270785102118,
          0.35801238033781124,
          0.23961890990269416,
          0.21883400354237773,
          0.4099703025608144,
          0.8093894053790905,
          0.42946111402009873,
          0.06376821992562487,
          0.5970250048000713,
          0.039756641586378066,
          0.11680935627007163,
          0.14285383188199513,
          0.1333629162242262,
          0.11222123385562288,
          0.08200776816340434,
          0.055596204502636234,
          0.39193548238616305,
          0.30090120263841497,
          0.590113637183104,
          0.00020757657310614938,
          0.01408030767824891,
          0.16391100611410514,
          0.050479065891579925,
          0.018715065288169557
        ],
        [
          0.5980265028374946,
          0.0559793629640005,
          0.12459434641934825,
          0.2088163943504673,
          0.294412924538936,
          0.01660192465661401,
          0.10952223193506769,
          0.9654983046300822,
          0.01869646443051623,
          0.028654554665259565,
          0.03256611342214211,
          0.041333285708553574,
          0.04935237626842701,
          1.0,
          0.1577996178687686,
          0.0012380250781516377,
          0.9820116698361399,
          0.0052820793929155285,
          0.00575121096962161,
          0.0011408440125033085,
          1.336820839136547e-05,
          0.0012989572235280666,
          0.0023411439647505875,
          0.01480441919664155,
          0.8167890411732657,
          0.6999341309802178,
          0.012581603900848502,
          0.0038133847115754856,
          0.014572778478760715,
          0.28886380726922894,
          0.07820636969124017,
          0.189192437570021,
          0.011491414067115919,
          0.928282069813213,
          0.007503536796482249,
          0.9986483279470225,
          0.9485998808324524,
          0.941504120705355,
          0.6662394377314184,
          0.09163359692274138,
          0.0012257344767613947,
          0.1730158839256337,
          0.18649431674136435,
          0.015266677549780288,
          0.008204381047278365,
          0.8132983221213589,
          0.8937409415821096,
          0.021866098662475852,
          0.9506415674214371,
          0.08310052107960304
        ],
        [
          0.009014529172273605,
          0.012164838658409005,
          0.3831641854930888,
          0.7855801105382783,
          0.0014004510094392881,
          0.47479989056837874,
          0.2858997148454996,
          0.13456287242583445,
          0.5046038086395664,
          0.06395356301568714,
          0.4508757140065901,
          0.8014988927512557,
          0.7397011698811761,
          0.1577996178687686,
          1.0,
          0.5995575755069671,
          0.16559709118083524,
          0.45202113548274353,
          0.18155771504072468,
          0.3814372387195977,
          0.3119199628743313,
          0.666923698556518,
          0.42484992630018925,
          0.01951246247854466,
          0.3057574749735907,
          0.033106834936370774,
          0.4700399964814226,
          0.4208938135820045,
          0.34016007991024416,
          0.010004755990113249,
          0.8667415694591725,
          0.5948973326545325,
          0.8095692773804326,
          0.2855793870008395,
          0.24170751001106994,
          0.14929718874688586,
          0.18757112437931553,
          0.23565443650139084,
          0.08600359997571971,
          0.28743618571136964,
          0.08674657614088534,
          0.2137866775927669,
          0.0383082170450887,
          0.48442794379798765,
          0.815638405192587,
          0.12398587716221605,
          0.027663607666567284,
          0.49648752245147615,
          0.24618666126234295,
          0.11475353355729466
        ],
        [
          0.061628424266259474,
          0.16490558124347743,
          0.018886624943556415,
          0.39487565475633646,
          0.0545440373974716,
          0.27890002281613474,
          0.1935628254264581,
          0.0005673806280253728,
          0.11994035754133577,
          0.4815261126456084,
          0.2684954993037358,
          0.42088635225371035,
          0.6546151735618002,
          0.0012380250781516377,
          0.5995575755069671,
          1.0,
          0.0016000258296817683,
          0.8992105478344002,
          0.6893673153221287,
          0.73183327482931,
          0.03246295060753208,
          0.7483022152781018,
          0.08993441143838647,
          0.4010179739169978,
          0.008778835299943864,
          0.0051328675786788125,
          0.8330558230241132,
          0.909129374708726,
          0.8160462313125454,
          0.0217953479747037,
          0.44423778047921453,
          0.23654079710356762,
          0.6115988457902374,
          0.009969086219756325,
          0.0803501173967842,
          0.0010243546682377842,
          0.001411822776911128,
          0.005088349524242634,
          0.011394144153117881,
          0.557023678958764,
          0.5705355847739993,
          0.3799815815641693,
          0.1403919348737495,
          0.8018558043940591,
          0.848648221994837,
          0.0004235297445502782,
          0.0028963862566927824,
          0.36738145672568656,
          0.006262617353345287,
          0.03257693129045332
        ],
        [
          0.4747540302122408,
          0.10442789388131477,
          0.1909118476586112,
          0.16416691267658348,
          0.28042710815250727,
          0.0018962432871604746,
          0.058778151112913464,
          0.9948445097578952,
          0.04849411777896497,
          0.06029472035783353,
          0.008391722158764287,
          0.07105058006300402,
          0.028701932541816584,
          0.9820116698361399,
          0.16559709118083524,
          0.0016000258296817683,
          1.0,
          0.000820734725516145,
          0.017808133789943226,
          0.00957094145365957,
          0.007012039379027809,
          0.0005636220026980178,
          0.018140273827839688,
          0.008406140056014418,
          0.8885091628926963,
          0.8007303925562254,
          0.003051145559226806,
          0.000525919714177514,
          0.0043778941375295834,
          0.3889406748464133,
          0.11165377817745646,
          0.1304821111778524,
          0.027185047516974852,
          0.9624523559161378,
          0.0002010895838300384,
          0.9887647045783935,
          0.8814164242936428,
          0.8808621595666352,
          0.5454470700754714,
          0.04808312520920713,
          0.00498551578038393,
          0.10602353816044846,
          0.2807470113994024,
          0.003907537475643285,
          0.016173530900849446,
          0.9041891752234243,
          0.8317657590337316,
          0.0041216220676768105,
          0.9812041294758158,
          0.14271660316602616
        ],
        [
          0.2373554485587809,
          0.06976776865204315,
          0.04961246258568688,
          0.15761012578753691,
          0.045344085286419686,
          0.4128525838151068,
          0.3435182493075149,
          0.0006849051983811279,
          0.1888895591126819,
          0.2833559827752201,
          0.05716998798025277,
          0.4621862664420489,
          0.3571847018697803,
          0.0052820793929155285,
          0.45202113548274353,
          0.8992105478344002,
          0.000820734725516145,
          1.0,
          0.47391192020259437,
          0.4465203364407358,
          0.08684102760464163,
          0.8493548649150516,
          0.16258722049624108,
          0.3392066840463183,
          0.005334806383656321,
          8.269900312306848e-06,
          0.97933970014217,
          0.9951637580302335,
          0.9829920198446068,
          0.0014527434083604907,
          0.45090310636715275,
          0.04672510260844276,
          0.658010884900651,
          0.0011422536445986268,
          3.3677737524894383e-05,
          0.004247116996729037,
          0.017842140063471557,
          0.009734463148474728,
          0.1263061172729544,
          0.8111086402174519,
          0.6977315062845292,
          0.6279394865821003,
          0.02537285119473319,
          0.958340581347032,
          0.8325631702488044,
          5.178465770563463e-05,
          0.03323928084455611,
          0.5183769967270085,
          0.0001753365643519264,
          0.0031368649199760043
        ],
        [
          0.0020070610746881165,
          0.7051214563833444,
          0.1714075361844301,
          0.2540385006185093,
          0.16082469565468277,
          3.861332199443935e-05,
          0.002006197618238439,
          0.022701603239493065,
          0.04525633204296882,
          0.95199399362371,
          0.33846428462293104,
          0.019419869115539702,
          0.5409228518520304,
          0.00575121096962161,
          0.18155771504072468,
          0.6893673153221287,
          0.017808133789943226,
          0.47391192020259437,
          1.0,
          0.8991971293107663,
          0.13146967372853208,
          0.2055736659489465,
          0.06486523488884795,
          0.6980498487751748,
          0.06168807211515097,
          0.10112304741158097,
          0.34982515574530054,
          0.5266994901775939,
          0.4146794207680937,
          0.13539375559090347,
          0.03080826953259725,
          0.20750842071702733,
          0.10104424540713887,
          0.024909984041252397,
          0.17144904875182213,
          0.007545455658335202,
          0.0001347351449709624,
          7.81690580472914e-05,
          4.5116892529787314e-05,
          0.1326580983149124,
          0.4745873523776498,
          0.04378875586946404,
          0.42230375230518125,
          0.3020407037640178,
          0.31348858254245393,
          0.09879888046169853,
          0.0001891447019453164,
          0.010196270949101414,
          0.02418555397565537,
          0.46972042493631605
        ],
        [
          0.0009164821090954677,
          0.48285194557626687,
          0.04687696515214075,
          0.5175552575646617,
          0.03150624302165813,
          0.027651914703542013,
          0.009216024775927605,
          0.018206648498440465,
          8.330404841332161e-05,
          0.824301032784508,
          0.6265839934406198,
          0.1047844600664069,
          0.811104774830457,
          0.0011408440125033085,
          0.3814372387195977,
          0.73183327482931,
          0.00957094145365957,
          0.4465203364407358,
          0.8991971293107663,
          1.0,
          0.02388406769180805,
          0.2936138901345937,
          0.002644502467251572,
          0.4059822460689345,
          0.022256087530498608,
          0.1405615595584204,
          0.35321994594881195,
          0.4761094351050146,
          0.3491282572347769,
          0.27692347937498996,
          0.1333103040714872,
          0.4647354099015096,
          0.21921668434050262,
          0.0049358826253166075,
          0.4134022893858568,
          0.0027771179226704474,
          0.005484321100165367,
          0.008593783290446605,
          0.016631057712293642,
          0.13525162972359958,
          0.2552852527014648,
          0.0586669977061129,
          0.5683945244033388,
          0.3203736042329631,
          0.4459886164781346,
          0.08711071009983573,
          0.00043009468553025843,
          0.057998512663390456,
          0.006938328554451383,
          0.2614218882249123
        ],
        [
          0.13221358525591717,
          0.6033282523864101,
          0.8684684867612753,
          0.06337616065117568,
          0.37049470161435527,
          0.8376488665558638,
          0.792962445294398,
          0.004663609435746318,
          0.9518083242267623,
          0.26347637914957567,
          0.0012142950767436978,
          0.708242767806526,
          0.02499921789829621,
          1.336820839136547e-05,
          0.3119199628743313,
          0.03246295060753208,
          0.007012039379027809,
          0.08684102760464163,
          0.13146967372853208,
          0.02388406769180805,
          1.0,
          0.39655307627510267,
          0.9823232506030147,
          0.3398360248282001,
          0.16925609032617914,
          0.019565437626314852,
          0.17678291504017485,
          0.05225523451700488,
          0.07541379558022698,
          0.004536582629212632,
          0.643471479626598,
          0.019991969149055325,
          0.5595781519961301,
          0.06844913220657453,
          2.030778350333724e-05,
          1.4630283709008931e-07,
          0.0020995987779949517,
          0.0001947123752650308,
          0.041606842874457525,
          0.320119967801071,
          0.026541131179484163,
          0.44611803576892833,
          0.060464084545225304,
          0.22526909550228924,
          0.2954972801059756,
          0.07248049587507921,
          0.10671014444199575,
          0.7514225174706468,
          0.04468694054489672,
          0.7762179642520499
        ],
        [
          0.22918869261841812,
          0.0045136877714253305,
          0.29977721219575154,
          0.2555448844569009,
          0.007929912308953912,
          0.7696983332301989,
          0.6600441849576678,
          0.00016114638531914335,
          0.5478136290688248,
          0.07285738438819347,
          0.09256818718349817,
          0.8111857956755257,
          0.38965997707507777,
          0.0012989572235280666,
          0.666923698556518,
          0.7483022152781018,
          0.0005636220026980178,
          0.8493548649150516,
          0.2055736659489465,
          0.2936138901345937,
          0.39655307627510267,
          1.0,
          0.5144360869514548,
          0.056687636080505394,
          0.05369323386173717,
          0.0006505846460000199,
          0.9197496629663776,
          0.7987252050911545,
          0.7991535647582718,
          0.00014467038743971435,
          0.7832868266005376,
          0.10565113122478775,
          0.9389199010675262,
          0.022638793158748786,
          0.008700252789803607,
          0.0010196789285191,
          0.006589811892280047,
          0.0007540192418030412,
          0.0901159703785672,
          0.8552661880247295,
          0.33598557903979387,
          0.7653238134547602,
          0.010903064207276467,
          0.9438897546840128,
          0.9538564629191526,
          0.010032697917614866,
          0.06561841696015512,
          0.8460739734518226,
          0.01253172249068819,
          0.08206647847028642
        ],
        [
          0.12464255363329563,
          0.5123834916338738,
          0.8790166934339606,
          0.1118113033993478,
          0.2790916796745411,
          0.8971971141815839,
          0.8155919985646846,
          0.013994231308645974,
          0.9897901851220691,
          0.17900514792213815,
          0.008915355367362402,
          0.8189071811101865,
          0.06546792930380045,
          0.0023411439647505875,
          0.42484992630018925,
          0.08993441143838647,
          0.018140273827839688,
          0.16258722049624108,
          0.06486523488884795,
          0.002644502467251572,
          0.9823232506030147,
          0.5144360869514548,
          1.0,
          0.22711793608780212,
          0.20679782697390842,
          0.0302172589510474,
          0.26931211491919715,
          0.11591192235807861,
          0.14254246257168396,
          0.007111662513312415,
          0.7603058887116488,
          0.04280124621441793,
          0.683438842712989,
          0.09745368141735095,
          0.0004468785350286768,
          0.0027450935474623603,
          1.1552966772314912e-05,
          0.004236647015955856,
          0.03226882655366895,
          0.3988950050215669,
          0.002972015306687756,
          0.5019011989229358,
          0.04981097429032051,
          0.3233367147410212,
          0.4157628149253059,
          0.0935208415845284,
          0.07716261528252667,
          0.8272573352488553,
          0.06854739831695235,
          0.7169480687245213
        ],
        [
          1.003863310680026e-05,
          0.6439105956365835,
          0.2687593038284379,
          0.02302473228116413,
          0.6522462324575815,
          0.05999997336717575,
          0.092822381219626,
          0.012111340157314797,
          0.17853549189917028,
          0.6557298857942762,
          0.018574816691937224,
          0.010623008223019188,
          0.12713963193681335,
          0.01480441919664155,
          0.01951246247854466,
          0.4010179739169978,
          0.008406140056014418,
          0.3392066840463183,
          0.6980498487751748,
          0.4059822460689345,
          0.3398360248282001,
          0.056687636080505394,
          0.22711793608780212,
          1.0,
          0.012135343047633546,
          0.005556713457800038,
          0.21534489908513485,
          0.4062988638129688,
          0.35027869543796636,
          0.01763372027401626,
          0.004504196243518095,
          0.006493700709200923,
          0.004454777740106082,
          0.0001882613105131237,
          0.0032468148693720147,
          0.016150313326300132,
          0.00727947386054508,
          0.003942310142193566,
          0.00029220255749756074,
          0.06010871054718932,
          0.7512271266632611,
          0.0024086770807774773,
          0.039980180450277264,
          0.16643422611201966,
          0.09849939848600778,
          0.0009789175525812164,
          0.08439399369293012,
          0.020355902669469673,
          0.00021335266368682976,
          0.5062020702768905
        ],
